# nombre W S E N — rejilla de 0,25 grados sobre Galicia
g0070_4180 -9.3 41.8 -9.05 42.05
g0095_4180 -9.05 41.8 -8.8 42.05
g0120_4180 -8.8 41.8 -8.55 42.05
g0145_4180 -8.55 41.8 -8.3 42.05
g0170_4180 -8.3 41.8 -8.05 42.05
g0195_4180 -8.05 41.8 -7.8 42.05
g0220_4180 -7.8 41.8 -7.55 42.05
g0245_4180 -7.55 41.8 -7.3 42.05
g0270_4180 -7.3 41.8 -7.05 42.05
g0295_4180 -7.05 41.8 -6.8 42.05
g0320_4180 -6.8 41.8 -6.55 42.05
g0070_4205 -9.3 42.05 -9.05 42.3
g0095_4205 -9.05 42.05 -8.8 42.3
g0120_4205 -8.8 42.05 -8.55 42.3
g0145_4205 -8.55 42.05 -8.3 42.3
g0170_4205 -8.3 42.05 -8.05 42.3
g0195_4205 -8.05 42.05 -7.8 42.3
g0220_4205 -7.8 42.05 -7.55 42.3
g0245_4205 -7.55 42.05 -7.3 42.3
g0270_4205 -7.3 42.05 -7.05 42.3
g0295_4205 -7.05 42.05 -6.8 42.3
g0320_4205 -6.8 42.05 -6.55 42.3
g0070_4230 -9.3 42.3 -9.05 42.55
g0095_4230 -9.05 42.3 -8.8 42.55
g0120_4230 -8.8 42.3 -8.55 42.55
g0145_4230 -8.55 42.3 -8.3 42.55
g0170_4230 -8.3 42.3 -8.05 42.55
g0195_4230 -8.05 42.3 -7.8 42.55
g0220_4230 -7.8 42.3 -7.55 42.55
g0245_4230 -7.55 42.3 -7.3 42.55
g0270_4230 -7.3 42.3 -7.05 42.55
g0295_4230 -7.05 42.3 -6.8 42.55
g0320_4230 -6.8 42.3 -6.55 42.55
g0070_4255 -9.3 42.55 -9.05 42.8
g0095_4255 -9.05 42.55 -8.8 42.8
g0120_4255 -8.8 42.55 -8.55 42.8
g0145_4255 -8.55 42.55 -8.3 42.8
g0170_4255 -8.3 42.55 -8.05 42.8
g0195_4255 -8.05 42.55 -7.8 42.8
g0220_4255 -7.8 42.55 -7.55 42.8
g0245_4255 -7.55 42.55 -7.3 42.8
g0270_4255 -7.3 42.55 -7.05 42.8
g0295_4255 -7.05 42.55 -6.8 42.8
g0320_4255 -6.8 42.55 -6.55 42.8
g0070_4280 -9.3 42.8 -9.05 43.05
g0095_4280 -9.05 42.8 -8.8 43.05
g0120_4280 -8.8 42.8 -8.55 43.05
g0145_4280 -8.55 42.8 -8.3 43.05
g0170_4280 -8.3 42.8 -8.05 43.05
g0195_4280 -8.05 42.8 -7.8 43.05
g0220_4280 -7.8 42.8 -7.55 43.05
g0245_4280 -7.55 42.8 -7.3 43.05
g0270_4280 -7.3 42.8 -7.05 43.05
g0295_4280 -7.05 42.8 -6.8 43.05
g0320_4280 -6.8 42.8 -6.55 43.05
g0070_4305 -9.3 43.05 -9.05 43.3
g0095_4305 -9.05 43.05 -8.8 43.3
g0120_4305 -8.8 43.05 -8.55 43.3
g0145_4305 -8.55 43.05 -8.3 43.3
g0170_4305 -8.3 43.05 -8.05 43.3
g0195_4305 -8.05 43.05 -7.8 43.3
g0220_4305 -7.8 43.05 -7.55 43.3
g0245_4305 -7.55 43.05 -7.3 43.3
g0270_4305 -7.3 43.05 -7.05 43.3
g0295_4305 -7.05 43.05 -6.8 43.3
g0320_4305 -6.8 43.05 -6.55 43.3
g0070_4330 -9.3 43.3 -9.05 43.55
g0095_4330 -9.05 43.3 -8.8 43.55
g0120_4330 -8.8 43.3 -8.55 43.55
g0145_4330 -8.55 43.3 -8.3 43.55
g0170_4330 -8.3 43.3 -8.05 43.55
g0195_4330 -8.05 43.3 -7.8 43.55
g0220_4330 -7.8 43.3 -7.55 43.55
g0245_4330 -7.55 43.3 -7.3 43.55
g0270_4330 -7.3 43.3 -7.05 43.55
g0295_4330 -7.05 43.3 -6.8 43.55
g0320_4330 -6.8 43.3 -6.55 43.55
g0070_4355 -9.3 43.55 -9.05 43.8
g0095_4355 -9.05 43.55 -8.8 43.8
g0120_4355 -8.8 43.55 -8.55 43.8
g0145_4355 -8.55 43.55 -8.3 43.8
g0170_4355 -8.3 43.55 -8.05 43.8
g0195_4355 -8.05 43.55 -7.8 43.8
g0220_4355 -7.8 43.55 -7.55 43.8
g0245_4355 -7.55 43.55 -7.3 43.8
g0270_4355 -7.3 43.55 -7.05 43.8
g0295_4355 -7.05 43.55 -6.8 43.8
g0320_4355 -6.8 43.55 -6.55 43.8
